0.000000000000000000e+00 0.000000000000000000e+00 0.000000000000000000e+00 0.000000000000000000e+00 0.000000000000000000e+00
3.426501569686443815e+00 0.000000000000000000e+00 0.000000000000000000e+00 1.652768543387763023e+00 6.831583634291861218e-01
0.000000000000000000e+00 3.186879081937946445e+00 5.091852782846766068e-02 0.000000000000000000e+00 0.000000000000000000e+00
0.000000000000000000e+00 7.705379703566110905e-01 0.000000000000000000e+00 0.000000000000000000e+00 0.000000000000000000e+00
0.000000000000000000e+00 2.014428427618487838e+00 9.472596612207812017e-03 0.000000000000000000e+00 0.000000000000000000e+00
0.000000000000000000e+00 2.449513907492030462e+00 2.485279432509077124e-02 0.000000000000000000e+00 0.000000000000000000e+00
0.000000000000000000e+00 1.698577447942685170e+00 0.000000000000000000e+00 0.000000000000000000e+00 0.000000000000000000e+00
0.000000000000000000e+00 4.249136253073995118e-01 0.000000000000000000e+00 0.000000000000000000e+00 0.000000000000000000e+00
0.000000000000000000e+00 1.549761622990453169e-02 0.000000000000000000e+00 0.000000000000000000e+00 0.000000000000000000e+00
1.341683073638568313e+00 0.000000000000000000e+00 0.000000000000000000e+00 0.000000000000000000e+00 2.674699329743263632e-01
0.000000000000000000e+00 0.000000000000000000e+00 0.000000000000000000e+00 0.000000000000000000e+00 0.000000000000000000e+00
3.023281679633448515e+00 0.000000000000000000e+00 0.000000000000000000e+00 1.172798487682885193e+00 6.027610321785037417e-01
0.000000000000000000e+00 1.553125683304588334e+00 0.000000000000000000e+00 0.000000000000000000e+00 0.000000000000000000e+00
5.238929021948490750e+00 0.000000000000000000e+00 0.000000000000000000e+00 3.810179243313634778e+00 1.044535204805218109e+00
0.000000000000000000e+00 2.968820079221686115e+00 4.321017917057877467e-02 0.000000000000000000e+00 0.000000000000000000e+00
2.853838664327436270e+00 0.000000000000000000e+00 0.000000000000000000e+00 9.711031460058159315e-01 5.689760762134556948e-01
0.000000000000000000e+00 0.000000000000000000e+00 0.000000000000000000e+00 0.000000000000000000e+00 0.000000000000000000e+00
1.569947666818015009e+00 0.000000000000000000e+00 0.000000000000000000e+00 0.000000000000000000e+00 3.129832237701704600e-01
0.000000000000000000e+00 2.065350447545529988e+00 1.127268135565843987e-02 0.000000000000000000e+00 0.000000000000000000e+00
0.000000000000000000e+00 1.603902255169744828e+00 0.000000000000000000e+00 0.000000000000000000e+00 0.000000000000000000e+00
4.350215579591566240e+00 0.000000000000000000e+00 0.000000000000000000e+00 2.752305237203307442e+00 8.673361360719933355e-01
6.274334723409091374e+00 0.000000000000000000e+00 0.000000000000000000e+00 5.042667383077466425e+00 1.250982994739966658e+00
0.000000000000000000e+00 6.818566711392899382e-01 0.000000000000000000e+00 0.000000000000000000e+00 0.000000000000000000e+00
3.104868858856907110e+00 0.000000000000000000e+00 0.000000000000000000e+00 1.269915231977271075e+00 6.190285617216894076e-01
5.219077756864132667e+00 0.000000000000000000e+00 0.000000000000000000e+00 3.786549424836426425e+00 1.040577094667043845e+00
5.428326135200296498e+00 0.000000000000000000e+00 0.000000000000000000e+00 4.035626809865632936e+00 1.082298774578592138e+00
0.000000000000000000e+00 2.507835076164695920e+00 2.691443771822975284e-02 0.000000000000000000e+00 0.000000000000000000e+00
0.000000000000000000e+00 2.875536778805073190e+00 3.991263036675578302e-02 0.000000000000000000e+00 0.000000000000000000e+00
0.000000000000000000e+00 1.829939429781678006e+00 2.950941917120100677e-03 0.000000000000000000e+00 0.000000000000000000e+00
5.239216944765677120e+00 0.000000000000000000e+00 0.000000000000000000e+00 3.810521970282249704e+00 1.044592613248300772e+00
0.000000000000000000e+00 2.401475916516804254e+00 2.315465951456247007e-02 0.000000000000000000e+00 0.000000000000000000e+00
0.000000000000000000e+00 0.000000000000000000e+00 0.000000000000000000e+00 0.000000000000000000e+00 0.000000000000000000e+00
6.155200243920482706e+00 0.000000000000000000e+00 0.000000000000000000e+00 4.900856465096699921e+00 1.227228972562230291e+00
1.276769895797833065e+00 0.000000000000000000e+00 0.000000000000000000e+00 0.000000000000000000e+00 2.545270043387619641e-01
3.099751776114372692e+00 0.000000000000000000e+00 0.000000000000000000e+00 1.263824147312132551e+00 6.180082752565682069e-01
0.000000000000000000e+00 6.651347677818777449e-01 0.000000000000000000e+00 0.000000000000000000e+00 0.000000000000000000e+00
3.038000297245179393e+00 0.000000000000000000e+00 0.000000000000000000e+00 1.190318694124270715e+00 6.056957524263737458e-01
4.739377733770478329e+00 0.000000000000000000e+00 0.000000000000000000e+00 3.215541762551632488e+00 9.449305191656424130e-01
0.000000000000000000e+00 3.041572319634878951e+00 4.578195849526532635e-02 0.000000000000000000e+00 0.000000000000000000e+00
3.769015386231376219e+00 0.000000000000000000e+00 0.000000000000000000e+00 2.060477537071470522e+00 7.514516134548214765e-01
6.510943043818238074e+00 0.000000000000000000e+00 0.000000000000000000e+00 5.324312489205762056e+00 1.298159927182712892e+00
3.746288268909593100e+00 0.000000000000000000e+00 0.000000000000000000e+00 2.033424467428716298e+00 7.469200920076718431e-01
0.000000000000000000e+00 9.455448941015447417e-01 0.000000000000000000e+00 0.000000000000000000e+00 0.000000000000000000e+00
4.218524543601521515e+00 0.000000000000000000e+00 0.000000000000000000e+00 2.595547707529691550e+00 8.410784833509292735e-01
0.000000000000000000e+00 2.362465209092424523e+00 2.177563764216909614e-02 0.000000000000000000e+00 0.000000000000000000e+00
2.973289039613778995e-01 0.000000000000000000e+00 0.000000000000000000e+00 0.000000000000000000e+00 5.923792311108964925e-02
5.589003516729788679e+00 0.000000000000000000e+00 0.000000000000000000e+00 4.226888038951054583e+00 1.114335965664629668e+00
0.000000000000000000e+00 8.402448480878179637e-01 0.000000000000000000e+00 0.000000000000000000e+00 0.000000000000000000e+00
0.000000000000000000e+00 8.869281922208231972e-01 0.000000000000000000e+00 0.000000000000000000e+00 0.000000000000000000e+00
0.000000000000000000e+00 2.148169241873918445e+00 1.420031164909739407e-02 0.000000000000000000e+00 0.000000000000000000e+00
0.000000000000000000e+00 3.032947888279192483e+00 4.547708631371104315e-02 0.000000000000000000e+00 0.000000000000000000e+00
2.949954712932970402e+00 0.000000000000000000e+00 0.000000000000000000e+00 1.085514231226010873e+00 5.881404924262327860e-01
0.000000000000000000e+00 1.495752100901949655e+00 0.000000000000000000e+00 0.000000000000000000e+00 0.000000000000000000e+00
0.000000000000000000e+00 1.064654324629987103e+00 0.000000000000000000e+00 0.000000000000000000e+00 0.000000000000000000e+00
7.990380720887673149e-01 0.000000000000000000e+00 0.000000000000000000e+00 0.000000000000000000e+00 1.592728647806107289e-01
0.000000000000000000e+00 2.761141174882092209e+00 3.586876522482669583e-02 0.000000000000000000e+00 0.000000000000000000e+00
1.747152845474817529e+00 0.000000000000000000e+00 0.000000000000000000e+00 0.000000000000000000e+00 3.483158643448575065e-01
0.000000000000000000e+00 2.014646827966179998e+00 9.480317027352525017e-03 0.000000000000000000e+00 0.000000000000000000e+00
1.921603130249561753e+00 0.000000000000000000e+00 0.000000000000000000e+00 0.000000000000000000e+00 3.830992112922704251e-01
3.190276653014388675e+00 0.000000000000000000e+00 0.000000000000000000e+00 1.371579819292171765e+00 6.360578772084990451e-01
0.000000000000000000e+00 2.369593687743384081e+00 2.202762815004741248e-02 0.000000000000000000e+00 0.000000000000000000e+00
0.000000000000000000e+00 0.000000000000000000e+00 0.000000000000000000e+00 0.000000000000000000e+00 0.000000000000000000e+00
3.128731740108519954e+00 0.000000000000000000e+00 0.000000000000000000e+00 1.298320250494860550e+00 6.237865412160280565e-01
0.000000000000000000e+00 0.000000000000000000e+00 0.000000000000000000e+00 0.000000000000000000e+00 0.000000000000000000e+00
0.000000000000000000e+00 2.788398021516293568e+00 3.683229011741927239e-02 0.000000000000000000e+00 0.000000000000000000e+00
1.308139857464821754e+00 0.000000000000000000e+00 0.000000000000000000e+00 0.000000000000000000e+00 2.607818078880874135e-01
2.777193388498127469e+00 0.000000000000000000e+00 0.000000000000000000e+00 8.798689628297966525e-01 5.536939044216847572e-01
1.066847722512450858e+00 0.000000000000000000e+00 0.000000000000000000e+00 0.000000000000000000e+00 2.126709775929834234e-01
6.002494975811857536e+00 0.000000000000000000e+00 0.000000000000000000e+00 4.719084787040609186e+00 1.196781327674871331e+00
1.890010619888269350e+00 0.000000000000000000e+00 0.000000000000000000e+00 0.000000000000000000e+00 3.768000341355492444e-01
5.529349384307942650e+00 0.000000000000000000e+00 0.000000000000000000e+00 4.155879147852511224e+00 1.102441629191890371e+00
0.000000000000000000e+00 2.088634789377229239e+00 1.209577887913816652e-02 0.000000000000000000e+00 0.000000000000000000e+00
0.000000000000000000e+00 2.074230017151953653e+00 1.158657263098163137e-02 0.000000000000000000e+00 0.000000000000000000e+00
4.426560551882300132e+00 0.000000000000000000e+00 0.000000000000000000e+00 2.843181956103149055e+00 8.825584308496037256e-01
0.000000000000000000e+00 8.226940189189568819e-03 0.000000000000000000e+00 0.000000000000000000e+00 0.000000000000000000e+00
0.000000000000000000e+00 1.865728407424399160e+00 4.216076189693357401e-03 0.000000000000000000e+00 0.000000000000000000e+00
5.806241245299974985e+00 0.000000000000000000e+00 0.000000000000000000e+00 4.485475492732983405e+00 1.157650628593850817e+00
0.000000000000000000e+00 4.072828113988529175e-01 0.000000000000000000e+00 0.000000000000000000e+00 0.000000000000000000e+00
3.776685676343135789e+00 0.000000000000000000e+00 0.000000000000000000e+00 2.069607814776099453e+00 7.529809796148662082e-01
3.491667934497288517e+00 0.000000000000000000e+00 0.000000000000000000e+00 1.730338882847542559e+00 6.961517745860904549e-01
5.298526493489560174e+00 0.000000000000000000e+00 0.000000000000000000e+00 3.881120688517831319e+00 1.056418243760862685e+00
2.316342560688624985e+00 0.000000000000000000e+00 0.000000000000000000e+00 3.312983120459416231e-01 4.618056380574382391e-01
3.778182671586656660e+00 0.000000000000000000e+00 0.000000000000000000e+00 2.071389752890135050e+00 7.532794629621489824e-01
0.000000000000000000e+00 3.982282164210599884e-01 0.000000000000000000e+00 0.000000000000000000e+00 0.000000000000000000e+00
0.000000000000000000e+00 1.029624825987379699e+00 0.000000000000000000e+00 0.000000000000000000e+00 0.000000000000000000e+00
5.443023244003203587e+00 0.000000000000000000e+00 0.000000000000000000e+00 4.053121413442617005e+00 1.085229206221483889e+00
6.987704669391203716e-02 0.000000000000000000e+00 0.000000000000000000e+00 0.000000000000000000e+00 1.388668235282247698e-02
6.235034662234531844e+00 0.000000000000000000e+00 0.000000000000000000e+00 4.995886822354930423e+00 1.243147022075007380e+00
2.773137097811586127e+00 0.000000000000000000e+00 0.000000000000000000e+00 8.750405847790052594e-01 5.528851274887510714e-01
2.293640410943114549e+00 0.000000000000000000e+00 0.000000000000000000e+00 3.042749623879150711e-01 4.572790948530529587e-01
0.000000000000000000e+00 2.270359013770576695e+00 1.851969930324044722e-02 0.000000000000000000e+00 0.000000000000000000e+00
6.058713783334804148e+00 0.000000000000000000e+00 0.000000000000000000e+00 4.786004462493385070e+00 1.207990700531817119e+00
3.205148540095865695e-01 0.000000000000000000e+00 0.000000000000000000e+00 0.000000000000000000e+00 6.386093043878524056e-02
1.796221619103900213e+00 0.000000000000000000e+00 0.000000000000000000e+00 0.000000000000000000e+00 3.580996040482824494e-01
0.000000000000000000e+00 0.000000000000000000e+00 0.000000000000000000e+00 0.000000000000000000e+00 0.000000000000000000e+00
0.000000000000000000e+00 1.292679220772377180e+00 0.000000000000000000e+00 0.000000000000000000e+00 0.000000000000000000e+00
5.529092155975935619e+00 0.000000000000000000e+00 0.000000000000000000e+00 4.155572957855718563e+00 1.102390340870243568e+00
1.742120563540105138e+00 0.000000000000000000e+00 0.000000000000000000e+00 0.000000000000000000e+00 3.473124861692454268e-01
0.000000000000000000e+00 3.164844271711594104e+00 5.013960103471289120e-02 0.000000000000000000e+00 0.000000000000000000e+00
2.241369335718766731e+00 0.000000000000000000e+00 0.000000000000000000e+00 2.420544432466427143e-01 4.468568536558518156e-01
