-8.081716625908259566e-01
3.952938210459278623e-01
9.376231981304755658e-01
-4.085366865395315683e-01
5.886665054281378096e-01
7.865973802896395473e-01
3.753487199049797551e-01
-6.305944771747492572e-01
-8.033188629176272189e-01
5.022099526548547965e-01
-8.081716625908259566e-01
6.102609010067592266e-01
2.587660758547167816e-01
-7.119875981679362198e-01
9.094168643512802186e-01
6.814088241287578063e-01
-8.081716625908259566e-01
6.842488754431255149e-01
6.174640887207798468e-01
3.005419031598238755e-01
-2.441798127793465001e-01
-9.273550819676424917e-01
-4.722963549536997596e-01
5.719391776565821983e-01
-7.048443973625326819e-01
-7.731130765325242571e-01
8.055754749227821421e-01
8.939405019693466015e-01
4.711906071699011322e-01
-7.120901372833571275e-01
7.697584635652016116e-01
-8.081716625908259566e-01
-9.142955019709034792e-01
4.392213662562962084e-01
5.744212273957612913e-01
-4.838125108221852377e-01
6.035448513359177314e-01
-4.856388764381074918e-01
9.199688699533743463e-01
1.689965330336303528e-01
-9.478401276473116255e-01
1.848997215563139285e-01
-2.707006148339508589e-01
-1.528751973080379745e-01
7.552443636470602684e-01
-6.356093499289090509e-01
-8.157868597694756252e-01
-3.554114935051517210e-01
-3.184745269321679895e-01
6.609663417514065609e-01
9.187823237259571396e-01
6.424337907741995979e-01
2.103775997975882717e-01
-1.696314859589717339e-01
-1.241512572204330478e-01
8.715525288896786016e-01
7.849575671990572934e-01
5.887933774119973318e-01
8.553664166721588469e-01
5.289622017183284175e-01
7.579540735055085854e-01
-8.081716625908259566e-01
5.602255971664646950e-01
-8.081716625908259566e-01
8.772565113530327308e-01
4.702611644433521421e-01
7.099615607233378256e-01
2.063424028291851176e-01
-8.942576709621876674e-01
8.444255413046278802e-01
-8.008569971321347625e-01
6.301093755226095938e-01
6.223249492811497863e-01
-2.953014207786180956e-01
-8.056090193725247151e-01
4.955712597781083417e-01
-8.619851648932272958e-01
-6.399812594221074846e-01
1.636089217475958646e-01
3.548520167817754700e-01
-7.325717574069111615e-01
8.396588923489012313e-01
1.625562825812483514e-01
-6.447291697255888021e-01
-1.998334456357689359e-01
-7.773492862327332498e-01
-7.757312653024107663e-01
-9.232738304209626712e-01
7.114117784170393977e-01
8.444301986553522932e-01
7.178344102520781700e-01
-9.021030261751630253e-01
-6.180497526314123746e-01
8.073530983408614414e-01
-8.081716625908259566e-01
3.226608951600470898e-02
-8.007903481219647013e-01
7.825356273088640569e-01
9.352114503662651845e-01
8.549252252261214657e-01
